"","date","weighted","close","high","low","open","volume"
"1","2020-03-18",6616412.47,6739637.65,6892082,6375847,6785440.09,110367317781
"2","2020-03-19",7267339.63,7682746.1,8098362,6615187,6739637.65,156006671742
"3","2020-03-20",7968451.04,7781167.45,8614226,7412841,7682746.1,183417248218
"4","2020-03-21",7763591.98,7733020.67,8086706,7427786,7781167.45,116993216446
"5","2020-03-22",7678399.84,7380760.71,7967190,7338971,7733020.67,90783794528
"6","2020-03-23",7714691.11,8057856.82,8165389,7235688,7380760.71,117660920023
"7","2020-03-24",8211938.34,8364184.86,8403042,7895893,8057856.82,126410226415
"8","2020-03-25",8258380.72,8271955.03,8520450,8084026,8364184.86,104544410588
"9","2020-03-26",8210009.5,8281829.91,8337028,8097264,8271955.03,62810020867
"10","2020-03-27",8187874.21,7888847.43,8361164,7828789,8281829.91,61724944737
"11","2020-03-28",7638096.07,7655515.77,7889093,7409066,7888847.43,75089053115
"12","2020-03-29",7465552.89,7219413.69,7677841,7219414,7655515.77,47206333318
"13","2020-03-30",7676415,7786183.44,8007450,7208187,7219413.69,88428232258
"14","2020-03-31",7843603.78,7794803.12,7983880,7744798,7786183.44,63429890354
"15","2020-04-01",7739643.63,8059415.54,8096939,7537764,7794803.12,67818162946
"16","2020-04-02",8162900.67,8185642.62,8503410,7994102,8059415.54,109404092564
"17","2020-04-03",8234732.74,8154600.67,8427065,8042517,8185642.62,82090650799
"18","2020-04-04",8195147.23,8245805.68,8323145,8102761,8154600.67,47307962519
"19","2020-04-05",8200262.97,8194631.03,8272672,8104533,8245805.68,31958146864
"20","2020-04-06",8488354.26,8788356.46,8788356,8185238,8194631.03,90391975243
"21","2020-04-07",8741374.87,8652295.67,8951440,8545474,8788356.46,109030032359
"22","2020-04-08",8791806.44,8824529.9,8907937,8623885,8652295.67,130251052069
"23","2020-04-09",8796757.92,8807324.65,8851672,8648760,8824529.9,97787224179
"24","2020-04-10",8471589.48,8416483.56,8823841,8245387,8807324.65,121970048352
"25","2020-04-11",8419703.93,8465046.09,8532364,8326702,8416483.56,81513174505
"26","2020-04-12",8526359.28,8463519.73,8747557,8345601,8465046.09,96287152156
"27","2020-04-13",8300049.44,8380012.66,8467750,8170373,8463519.73,126909747943
"28","2020-04-14",8380501.3,8374272.63,8455435,8277232,8380012.66,89988817344
"29","2020-04-15",8284556.67,8108576.71,8412771,8093850,8374272.63,82268961529
"30","2020-04-16",8358371.58,8559318.51,8606772,7937493,8108576.71,170627296017
"31","2020-04-17",8547902.14,8528398.26,8602980,8491674,8559318.51,99029839666
"32","2020-04-18",8645307.12,8716031.76,8748857,8516594,8528398.26,86501657822
"33","2020-04-19",8651367.28,8659712.81,8734772,8567367,8716031.76,80607297815
"34","2020-04-20",8563822.13,8389863.42,8721415,8367001,8659712.81,124667412431
"35","2020-04-21",8406421.41,8409785.57,8495772,8310698,8389863.42,100588380422
"36","2020-04-22",8520341.2,8642069.19,8662991,8389834,8409785.57,92597534510
"37","2020-04-23",8872237.59,9048517,9164265,8569993,8642069.19,152306419998
"38","2020-04-24",9129811.25,9099184.05,9229385,8997504,9048517,121629262780
"39","2020-04-25",9160460.73,9163259.74,9262877,9067814,9099184.05,76549023690
"40","2020-04-26",9242767.78,9365471.96,9365505,9155175,9163259.74,86000164677
"41","2020-04-27",9401289.11,9485432.2,9489480,9317605,9365471.96,124468743179
"42","2020-04-28",9388879.51,9418326.87,9488506,9346681,9485432.2,90630478357
"43","2020-04-29",10036995.98,10535400.77,10690457,9386478,9418326.87,246703138243
"44","2020-04-30",10797453.14,10470759.96,11424094,10284004,10535400.77,368311168355
"45","2020-05-01",10718456.89,10766354.18,11036737,10454910,10470759.96,188647199243
"46","2020-05-02",10798640.87,10884216.27,10931835,10651289,10766354.18,118339173711
"47","2020-05-03",10933920.98,10887442.07,11122463,10711179,10884216.27,151701483947
"48","2020-05-04",10702316.01,10848943.73,10949652,10456538,10887442.07,164451573815
"49","2020-05-05",10879210.3,10981369.03,11017758,10741108,10848943.73,148215423770
"50","2020-05-06",11140596.93,11278976.43,11439479,10881692,10981369.03,202454391545
"51","2020-05-07",11596981.63,12005012.48,12058813,11135438,11278976.43,264302285552
"52","2020-05-08",11992591.27,11885351.23,12161963,11811195,12005012.48,197741640103
"53","2020-05-09",11702485.03,11548695.1,11952057,11471454,11885351.23,188964355697
"54","2020-05-10",10641698.71,10710166.26,11580594,10237919,11548695.1,285029386661
"55","2020-05-11",10630280.65,10443978.98,11237535,10188070,10710166.26,312331146031
"56","2020-05-12",10649080.06,10678698.79,10846368,10407756,10443978.98,164563535352
"57","2020-05-13",10958710.04,11265206.02,11360272,10659177,10678698.79,182671504703
"58","2020-05-14",11584690.04,11780201.2,11940539,11231639,11265206.02,260744496225
"59","2020-05-15",11494524.89,11320773.78,11830937,11244001,11780201.2,214662321403
"60","2020-05-16",11379334,11319797.13,11566518,11206067,11320773.78,126867170584
"61","2020-05-17",11586137.51,11615807.42,11821371,11277120,11319797.13,138411706224
"62","2020-05-18",11692063.87,11697851.99,11878027,11458023,11615807.42,168285979858
"63","2020-05-19",11656107.39,11729741.26,11823496,11462298,11697851.99,174111705338
"64","2020-05-20",11636548.56,11530497.54,11784514,11377233,11729741.26,143916061544
"65","2020-05-21",11225313.82,11084927.1,11605216,10804517,11530497.54,212283256684
"66","2020-05-22",11084032.02,11117615.18,11235546,10910040,11084927.1,144855330139
"67","2020-05-23",11169961.46,11134821.34,11293234,11051575,11117615.18,86417858899
"68","2020-05-24",11013601.76,10669666.13,11242270,10666360,11134821.34,114932551309
"69","2020-05-25",10714082.66,10823810.05,10889431,10523046,10669666.13,133852748943
"70","2020-05-26",10770901.58,10733957.49,10919502,10610763,10823810.05,96193414051
"71","2020-05-27",10975970.67,11155306.14,11177566,10729776,10733957.49,130410117409
"72","2020-05-28",11322661.28,11566381.11,11597233,11117863,11155306.14,139098554147
"73","2020-05-29",11443697.03,11399476.79,11599171,11279955,11566381.11,119245840664
"74","2020-05-30",11462501.18,11581265.42,11602088,11319433,11399476.79,86086364107
"75","2020-05-31",11478044.58,11433149.33,11584793,11368276,11581265.42,89864021414
"76","2020-06-01",11584078.38,12085474.47,12142763,11413984,11433149.33,114382579993
"77","2020-06-02",11841349.26,11524539.03,12160427,11347086,12085474.47,170281917901
"78","2020-06-03",11532279.63,11655809.58,11656089,11413088,11524539.03,99474330332
"79","2020-06-04",11683784.08,11779411.72,11860843,11475003,11655809.58,115539305062
"80","2020-06-05",11721042.44,11601358.86,11857394,11600092,11779411.72,94809402489
"81","2020-06-06",11596362.01,11636503.48,11693441,11525295,11601358.86,69337083664
"82","2020-06-07",11571809.48,11686092.13,11762256,11380917,11636503.48,93824694098
"83","2020-06-08",11652164.98,11682870.75,11717143,11582877,11686092.13,75185128428
"84","2020-06-09",11632025.16,11685586.93,11769656,11564720,11682870.75,84381851168
"85","2020-06-10",11661867.06,11736067.02,11838542,11594122,11685586.93,81265953842
"86","2020-06-11",11497005.54,11105203.85,11797297,11062937,11736067.02,124865183131
"87","2020-06-12",11331928.91,11385134.47,11450457,11065413,11105203.85,93077177812
"88","2020-06-13",11351994.01,11387670.18,11400924,11286959,11385134.47,52466078300
"89","2020-06-14",11305704.87,11243568.8,11392675,11170462,11387670.18,52847160750
"90","2020-06-15",11105224.94,11341921.5,11406856,10778098,11243568.8,123651904452
"91","2020-06-16",11403137.25,11450037.06,11491362,11262214,11341921.5,88881069141
"92","2020-06-17",11405720.27,11435340.28,11508486,11309915,11450037.06,88988570098
"93","2020-06-18",11352590.99,11340404.29,11438486,11237182,11435340.28,72140493545
"94","2020-06-19",11276805.21,11282923.52,11378787,11155554,11340404.29,75008571976
"95","2020-06-20",11263776.83,11321454.64,11346307,11168925,11282923.52,53349639932
"96","2020-06-21",11293057.84,11237730.18,11352628,11230629,11321454.64,47864044640
"97","2020-06-22",11409602.77,11599706.99,11670361,11232321,11237730.18,96197441556
"98","2020-06-23",11542001.41,11501972.01,11637467,11486526,11599706.99,87218056982
"99","2020-06-24",11340027.89,11218210.53,11547406,11118589,11501972.01,104239123997
"100","2020-06-25",11087926.97,11146673.67,11222685,10876750,11218210.53,92325952398
"101","2020-06-26",11045676.09,11036142.06,11179479,10906336,11146673.67,83959067635
"102","2020-06-27",10963218.39,10911990.77,11042106,10819028,11036142.06,70289578392
"103","2020-06-28",10900064.59,10976786.52,11065757,10761608,10911990.77,71465074479
"104","2020-06-29",10934308.72,10979854.01,11031799,10819614,10976786.52,71886191199
"105","2020-06-30",10939766.34,10907824.39,10996460,10876034,10979854.01,64925215848
"106","2020-07-01",10980632.41,11047776.8,11105231,10888446,10907824.39,75545982363
"107","2020-07-02",10965454.66,10879087.14,11073708,10774070,11047776.8,82622836772
"108","2020-07-03",10872593.98,10840723.13,10908072,10828324,10879087.14,61904201071
"109","2020-07-04",10862723.23,10886029.79,10958278,10815844,10840723.13,53049412397
"110","2020-07-05",10818934.29,10838760.37,10897012,10720497,10886029.79,55911819662
"111","2020-07-06",10950893.88,11059721.01,11092159,10797833,10838760.37,97785568894
"112","2020-07-07",10990319.83,10982358.27,11082039,10950873,11059721.01,79954796558
"113","2020-07-08",11052806.89,11131533.28,11191050,10966108,10982358.27,108726240349
"114","2020-07-09",11059368.23,10959717.24,11145066,10893758,11131533.28,94758215318
"115","2020-07-10",10943525.26,11037122.16,11059418,10888079,10959717.24,88230093159
"116","2020-07-11",10972985.67,10962765.03,11041886,10910895,11037122.16,52422890390
"117","2020-07-12",10979581.06,11028731.19,11056675,10914206,10962765.03,54643837809
"118","2020-07-13",11016215.64,11006691.5,11052830,10972816,11028731.19,94131910228
"119","2020-07-14",10989763.04,10999267.58,11030882,10927990,11006691.5,97309406358
"120","2020-07-15",10987473.04,10973185.45,11013866,10953517,10999267.58,67114781550
"121","2020-07-16",10921638.67,10924379.91,10994202,10834218,10973185.45,86272426651
"122","2020-07-17",10908457.36,10934442.27,10975780,10874675,10924379.91,76792812725
"123","2020-07-18",10918894.02,10907051.14,10962858,10888543,10934442.27,50348439805
"124","2020-07-19",10906221.71,10939680.01,10958409,10869174,10907051.14,48004280189
"125","2020-07-20",10934286.99,10943149.53,10971893,10907696,10939680.01,69752550265
"126","2020-07-21",11075865.53,11116363.81,11205766,10922294,10943149.53,94675612523
"127","2020-07-22",11128115.73,11260585.57,11268650,11071334,11116363.81,91725830796
"128","2020-07-23",11273219.06,11329374.9,11405028,11212274,11260585.57,100789455047
"129","2020-07-24",11325905.59,11338807.43,11437823,11239664,11329374.9,89913986005
"130","2020-07-25",11394526.57,11473722.29,11493577,11331749,11338807.43,79738213265
"131","2020-07-26",11640455.92,11707987.41,11878634,11415427,11473722.29,124091334282
"132","2020-07-27",12365962.42,12908884.6,13259907,11694970,11707987.41,273986569997
"133","2020-07-28",12920394.37,12768919.88,13192365,12523638,12908884.6,241616284517
"134","2020-07-29",13063687.29,13120951.5,13358720,12713175,12768919.88,184075714633
"135","2020-07-30",13039829.29,13098319.04,13159354,12900350,13120951.5,153720288436
"136","2020-07-31",13231565.51,13414010.86,13545413,12962445,13098319.04,152383970491
"137","2020-08-01",13733725.87,13917694.65,13960383,13276691,13414010.86,197547835610
"138","2020-08-02",13442176.85,13037445.05,14326109,12885968,13917694.65,257629804286
"139","2020-08-03",13325626.87,13272917.33,13574269,12957477,13037445.05,151074763969
"140","2020-08-04",13345118.29,13318978.83,13467856,13154455,13272917.33,140526364250
"141","2020-08-05",13534927.92,13848633.63,13880721,13234383,13318978.83,164015309083
"142","2020-08-06",13859646.98,13876322.95,14016561,13666570,13848633.63,153539248217
"143","2020-08-07",13858768.24,13770735.31,14042950,13555654,13876322.95,153788395188
"144","2020-08-08",13835097.34,13870764.89,13952332,13711479,13770735.31,101620035143
"145","2020-08-09",13778997.77,13814136.35,13899489,13652344,13870764.89,104567022794
"146","2020-08-10",14039025.97,13993014.48,14251522,13811917,13814136.35,168621196632
"147","2020-08-11",13767830.01,13614866.97,14021098,13329551,13993014.48,185697462271
"148","2020-08-12",13553458.96,13692752.13,13740586,13322799,13614866.97,143268870912
"149","2020-08-13",13642945.26,13812401.2,13846734,13385003,13692752.13,171217462277
"150","2020-08-14",13804038.18,13832050.03,13914705,13708293,13812401.2,157884653021
"151","2020-08-15",13923333.98,13880445.66,14043766,13795037,13832050.03,139675405663
"152","2020-08-16",13853454.91,13889779.21,13947199,13752695,13880445.66,115155597104
"153","2020-08-17",14014101.15,14199936.1,14310201,13806111,13889779.21,177294916159
"154","2020-08-18",14157737.61,14001418.43,14292325,13856605,14199936.1,170766242130
"155","2020-08-19",13874604.14,13874632.13,14076500,13673048,14001418.43,184935153590
"156","2020-08-20",13862601.18,13958562.37,13980692,13745834,13874632.13,120261115018
"157","2020-08-21",13903339.66,13778017.37,13988824,13758514,13958562.37,144018160977
"158","2020-08-22",13724477.74,13841934.17,13853820,13512783,13778017.37,122292096158
"159","2020-08-23",13774408.55,13805684.12,13851393,13697653,13841934.17,93221202499
"160","2020-08-24",13843877.6,13864950.83,13923783,13744090,13805684.12,114840363835
"161","2020-08-25",13614715.2,13476857.58,13869570,13340481,13864950.83,161028997015
"162","2020-08-26",13487077.05,13552953.74,13612735,13360378,13476857.58,121006864555
"163","2020-08-27",13418680.94,13404527.54,13657078,13240213,13552953.74,146897923248
"164","2020-08-28",13452397.65,13541068.57,13545468,13338500,13404527.54,112055243869
"165","2020-08-29",13490091.76,13458426.6,13551550,13414646,13541068.57,91982460474
"166","2020-08-30",13608901.56,13662728.48,13671966,13452152,13458426.6,93259761036
"167","2020-08-31",13700110.79,13738190.59,13824079,13577452,13662728.48,124296995190
"168","2020-09-01",13895685.17,13966915.44,14069594,13639458,13738190.59,168979869082
"169","2020-09-02",13677018.44,13581370.57,13994248,13338172,13966915.44,183634214522
"170","2020-09-03",13154125.47,12313400.25,13657399,12269665,13581370.57,196072105724
"171","2020-09-04",12524947,12628738.74,12768635,12227421,12313400.25,130552532552
"172","2020-09-05",12397706.73,12371400.45,12766573,12119042,12628738.74,165949131555
"173","2020-09-06",12293418.27,12355099.61,12474646,12126318,12371400.45,114865028777
"174","2020-09-07",12170464.4,12379294.73,12436717,11889923,12355099.61,133467763006
"175","2020-09-08",12130907.89,12125436.38,12437850,11898500,12379294.73,126964144218
"176","2020-09-09",12115307.9,12173240.89,12277446,11946267,12125436.38,96448027706
"177","2020-09-10",12289884.01,12335339.59,12426121,12155730,12173240.89,119852546542
"178","2020-09-11",12248196.32,12331954.99,12366127,12178467,12335339.59,82451305640
"179","2020-09-12",12315480.16,12371166.54,12417379,12228809,12331954.99,66760247455
"180","2020-09-13",12379736.66,12368788.5,12547773,12226193,12371166.54,82410297585
"181","2020-09-14",12483108.78,12644710.24,12724640,12277663,12368788.5,108371235070
"182","2020-09-15",12738653.07,12799330.91,12902422,12551984,12644710.24,125528215947
"183","2020-09-16",12831613.85,12904521.85,13037542,12640660,12799330.91,128290090291
"184","2020-09-17",12788401.8,12798198.37,13004564,12627279,12904521.85,107918381438
"185","2020-09-18",12734525.09,12772648.24,12820383,12653409,12798198.37,84526556423
"186","2020-09-19",12848339.36,12924667.55,13018991,12728478,12772648.24,62323182771
"187","2020-09-20",12779415.74,12824503.62,12927509,12651522,12924667.55,65259620012
"188","2020-09-21",12449902.01,12273191.29,12830317,12152260,12824503.62,102063798689
"189","2020-09-22",12240215.86,12331420.86,12362470,12100449,12273191.29,99455303546
"190","2020-09-23",12172900.37,11949265.57,12334182,11918256,12331420.86,85133491558
"191","2020-09-24",12164507.21,12495704.49,12541879,11920359,11949265.57,104577052013
"192","2020-09-25",12425788.59,12456309.39,12540629,12327138,12495704.49,101108020474
"193","2020-09-26",12484589.98,12498214.36,12550440,12428451,12456309.39,55790261789
"194","2020-09-27",12467316.13,12513086.7,12579680,12352640,12498214.36,60223993941
"195","2020-09-28",12643708.04,12461376.09,12701350,12439842,12513086.7,93569382015
"196","2020-09-29",12474991.1,12598054.58,12623138,12409247,12461376.09,80261473016
"197","2020-09-30",12522384.81,12555208.49,12606646,12464949,12598054.58,59172776289
"198","2020-10-01",12501655.21,12436916.31,12665136,12249202,12555208.49,67524815235
"199","2020-10-02",12342540.98,12426242.27,12467058,12233373,12436916.31,72834198307
"200","2020-10-03",12381369.96,12389301.5,12428676,12337467,12426242.27,39437015769
"201","2020-10-04",12413942.2,12456659.97,12495797,12351990,12389301.5,40591108196
"202","2020-10-05",12456687.12,12536956.37,12541902,12379918,12456659.97,62745952412
"203","2020-10-06",12453643.87,12413242.17,12542348,12329351,12536956.37,74069790413
"204","2020-10-07",12371047.78,12411878.82,12423758,12336429,12413242.17,58627261408
"205","2020-10-08",12437268.38,12575541.43,12655394,12282303,12411878.82,74695124558
"206","2020-10-09",12606954.7,12635967.55,12730279,12500343,12575541.43,66630277002
"207","2020-10-10",12885476.71,12857899.89,13001819,12627698,12635967.55,73476209554
"208","2020-10-11",12913167.82,12929554.78,12991222,12817891,12857899.89,56064325920
"209","2020-10-12",13057862.74,13178662.37,13325826,12882870,12929554.78,97206778198
"210","2020-10-13",13123093.42,13115093.52,13203472,13000567,13178662.37,78690267556
"211","2020-10-14",13113415.91,13142634.27,13248722,13031531,13115093.52,82944584931
"212","2020-10-15",13106327.75,13222917.86,13288555,12994411,13142634.27,92162648259
"213","2020-10-16",13052878.5,13042210.01,13268666,12914043,13222917.86,87137623103
"214","2020-10-17",13042525.01,13067834.46,13092906,12977040,13042210.01,48674964171
"215","2020-10-18",13121263.09,13204416.83,13204417,13053511,13067834.46,45527371377
"216","2020-10-19",13241875.68,13405669.22,13467871,13099122,13204416.83,75395002694
"217","2020-10-20",13522698.23,13639043.19,13748002,13338977,13405669.22,117240035671
"218","2020-10-21",14105698.94,14425211.56,14786908,13620236,13639043.19,182477386942
"219","2020-10-22",14516627.73,14572399.24,14761504,14330281,14425211.56,162078003480
"220","2020-10-23",14526118.22,14572159.95,14611161,14358580,14572399.24,99340200481
"221","2020-10-24",14650009.58,14760788.03,14775780,14521251,14572159.95,68643645411
"222","2020-10-25",14735531.83,14687335.46,14994047,14557464,14760788.03,79955879861
"223","2020-10-26",14721482.91,14765272.62,14884687,14514630,14687335.46,118702997066
"224","2020-10-27",14947948,15298693.22,15447100,14694427,14765272.62,116427025834
"225","2020-10-28",15202027.58,15069831.57,15539852,14636985,15298693.22,85833992155
"226","2020-10-29",15078702.93,15208243.48,15360668,14713325,15069831.57,81125834356
"227","2020-10-30",15167826.86,15339128.6,15433432,14897753,15208243.48,124482203331
"228","2020-10-31",15532342.98,15613467.82,15795734,15231404,15339128.6,131802958176
"229","2020-11-01",15577819.71,15563361.4,15709628,15465411,15613467.82,79562312176
"230","2020-11-02",15377078.74,15406535.54,15636235,15023057,15563361.4,117276212661
"231","2020-11-03",15441454.94,15860796.34,15870667,15175503,15406535.54,64108442882
"232","2020-11-04",15748654.1,15955748.49,16010354,15461161,15860796.34,77447628749
"233","2020-11-05",16563402.79,17359921.84,17532870,15900541,15955748.49,120519293912
"234","2020-11-06",17427681.84,17381992.26,17757513,17125650,17359921.84,107141379562
"235","2020-11-07",17097958.94,16649734.91,17592558,16350543,17381992.26,80097782387
"236","2020-11-08",17001772.68,17292774.11,17390684,16545116,16649734.91,74129429066
"237","2020-11-09",17132183.4,17103354.92,17512675,16709300,17292774.11,84662796019
"238","2020-11-10",17045532.64,17023280.73,17187364,16876772,17103354.92,63755576172
"239","2020-11-11",17244676.55,17424371.25,17570474,17006281,17023280.73,138045532673
"240","2020-11-12",17615990.34,17958312.2,17983561,17222380,17424371.25,192817055381
"241","2020-11-13",18002390.25,17983086.23,18222388,17675110,17958312.2,171477087707
"242","2020-11-14",17697897.46,17798330.11,17989588,17474294,17983086.23,162808975974
"243","2020-11-15",17693556.62,17674743.96,17827354,17551675,17798330.11,101939126318
"244","2020-11-16",18016382.76,18270881.76,18441759,17561791,17674743.96,170757293978
"245","2020-11-17",18712587.01,19339201.35,19401530,18196282,18270881.76,224638057590
"246","2020-11-18",19731773.79,19710192.67,20272506,19120313,19339201.35,335232773463
"247","2020-11-19",19786941.82,19798306.51,20053334,19388487,19710192.67,238095083657
"248","2020-11-20",20275414.03,20629604.89,20756371,19771241,19798306.51,251214001917
"249","2020-11-21",20627868.71,20358328.85,21004095,20204445,20629604.89,256557054345
"250","2020-11-22",20080940.21,20303188.63,20556569,19560314,20358328.85,288838219761
"251","2020-11-23",20192656.18,20118271.41,20485385,19903352,20303188.63,249714501941
"252","2020-11-24",20685851.31,20966647.91,21279486,19928886,20118271.41,418989435935
"253","2020-11-25",20917672.22,20840401.62,21364669,20600633,20966647.91,315868355221
"254","2020-11-26",19430533.09,19237280.98,20983272,18500037,20840401.62,402063585759
"255","2020-11-27",18952839.8,19114542.48,19632712,18500712,19237280.98,287274257712
"256","2020-11-28",19185947.82,19469210.35,19565084,18844780,19114542.48,215959139160
"257","2020-11-29",19773995.61,19997342.69,20117103,19239604,19469210.35,202873285376
"258","2020-11-30",20608076.03,21289172.15,21335028,19995918,19997342.69,307401808720
"259","2020-12-01",21084348.18,20860990.82,21626614,20173710,21289172.15,340668669024
"260","2020-12-02",20830810.69,21093080.69,21292837,20327048,20860990.82,246794279513
"261","2020-12-03",21056909.78,21171922.11,21290470,20781036,21093080.69,183958428031
"262","2020-12-04",20817026.42,20552123.87,21243530,20452041,21171922.11,211177491866
"263","2020-12-05",20712571.13,20788125.14,20950169,20394750,20552123.87,132603330267
"264","2020-12-06",20813835.51,20980275.59,21003869,20586542,20788125.14,115788615745
"265","2020-12-07",20864854.49,20845259.27,21037535,20658181,20980275.59,156416302787
"266","2020-12-08",20544768.33,20015801.3,20928045,19947262,20845259.27,185075696502
"267","2020-12-09",19848688.96,20257758.97,20337181,19204946,20015801.3,262330793110
"268","2020-12-10",19969963.78,19936315.15,20271623,19652963,20257758.97,165160586915
"269","2020-12-11",19674099.5,19657022.99,19975150,19406110,19936315.15,191213753534
"270","2020-12-12",20159150.4,20575361.82,20626256,19652252,19657022.99,170357117990
"271","2020-12-13",20816903.83,20788010.06,21066238,20461048,20575361.82,195863541911
"272","2020-12-14",20855401.97,20932271.76,21002965,20603844,20788010.06,190545380129
"273","2020-12-15",21050707.62,21100915.26,21261981,20816142,20932271.76,219759493704
"274","2020-12-16",21858104.91,22906986.71,23028933,20894789,21100915.26,379994847723
"275","2020-12-17",24356986.53,24728421.03,25658385,22526674,22906986.71,605834492248
"276","2020-12-18",24909272.59,25164882.62,25235409,24371684,24728421.03,325718879386
"277","2020-12-19",25581715.04,26186800.19,26352135,24942037,25164882.62,325363600858
"278","2020-12-20",25925761.71,25895131.86,26555008,25447073,26186800.19,323926318535
"279","2020-12-21",25710592.42,25341700.29,26561243,24620358,25895131.86,485659207063
"280","2020-12-22",25729509.72,26759711.9,26787628,24948367,25341700.29,401938682023
"281","2020-12-23",26496958.58,26401163.82,27042219,25683103,26759711.9,513435805939
"282","2020-12-24",26216170.62,26484757.4,26577285,25785199,26401163.82,383341235943
"283","2020-12-25",26699367.63,27128809.14,27211772,26156298,26484757.4,391905065731
"284","2020-12-26",28049726.56,29372354.23,29506316,26995446,27128809.14,414637789904
"285","2020-12-27",30108908.27,29347642.01,31643779,28778326,29372354.23,642846869933
"286","2020-12-28",30000255.22,30213100.12,30535165,29180518,29347642.01,401602316553
"287","2020-12-29",29853793.34,30454939.67,30475054,29049845,30213100.12,407975371949
"288","2020-12-30",31202564.97,31904851.3,31961928,30358463,30454939.67,494060789642
"289","2020-12-31",31932547.6,32046354.19,32346054,31323200,31904851.3,387329667991
"290","2021-01-01",32255744,32313028.75,32576254,31812312,32046354.19,316440460754
"291","2021-01-02",34317496.8,35699847.89,36478044,31947253,32313028.75,616690908302
"292","2021-01-03",37650458.6,37465745.53,39378371,35513404,35699847.89,830690727603
"293","2021-01-04",36197327.92,36479182.37,38388142,32623652,37465745.53,844947348101
"294","2021-01-05",36478981.94,38021665.51,38515133,34333650,36479182.37,770394147707
"295","2021-01-06",38879342.24,40795055.88,40922125,37248644,38021665.51,752960280575
"296","2021-01-07",42456238.13,44606946.66,44853614,40281149,40795055.88,847292775828
"297","2021-01-08",45647532.75,47250014.89,47966828,42236478,44606946.66,891558851654
"298","2021-01-09",46408495.74,45614074.13,47551560,45170212,47250014.89,634507627649
"299","2021-01-10",44475076.12,43435993.65,46984830,39411469,45614074.13,774127393165
"300","2021-01-11",38501708.64,40361057.26,43503545,34454805,43435993.65,1247613987038
"301","2021-01-12",39009206.63,38529902.28,40812440,36574988,40361057.26,818857079851
"302","2021-01-13",38762963.56,41411542.85,41760725,36961540,38529902.28,690885091270
"303","2021-01-14",42188875.62,42747690.74,43890597,40527512,41411542.85,717867344396
"304","2021-01-15",41026974.83,41057187.46,43097269,38710326,42747690.74,656027071285
"305","2021-01-16",40692638.96,40099892.4,41836183,39686540,41057187.46,513099588503
"306","2021-01-17",39445856.08,39541532.18,40710233,38064271,40099892.4,462644667595
"307","2021-01-18",39793568.78,39992076.49,40943332,38710594,39541532.18,435529468116
"308","2021-01-19",40176464.62,39552607.25,41031293,39547807,39992076.49,484571152125
"309","2021-01-20",38862038.04,39241685.39,39980018,37476650,39552607.25,489982291142
"310","2021-01-21",36527380.61,34429229.06,39315774,33730604,39241685.39,711182986622
"311","2021-01-22",34903622.86,36378242.81,37333365,31691915,34429229.06,681524300487
"312","2021-01-23",35828938.81,35488434.91,36976648,34720093,36378242.81,381134636015
"313","2021-01-24",35480834.91,35514627.48,36252254,34230885,35488434.91,361751593706
"314","2021-01-25",36798709.45,36024418.86,38300519,35406836,35514627.48,529154402272
"315","2021-01-26",35666481.12,35971457.49,36536956,34800556,36024418.86,437364861390
"316","2021-01-27",34666529.56,34298887.44,36022995,33183536,35971457.49,467567937365
"317","2021-01-28",35321372.3,36610352.34,37151690,33765913,34298887.44,463301256939
"318","2021-01-29",38268312.58,37527107.27,40845134,35478716,36610352.34,785387849988
"319","2021-01-30",37188407.59,36989481.08,38090742,36191090,37527107.27,457629759104
"320","2021-01-31",36636031.32,36363289.84,37414717,35781586,36989481.08,351056343867
"321","2021-02-01",36834976.22,36522581.09,38043303,35901956,36363289.84,525382791067
"322","2021-02-02",37197678.95,37909107.47,38209303,36325668,36522581.09,431531761438
"323","2021-02-03",38683385.53,39360348.35,39362986,37873730,37909107.47,448017045179
"324","2021-02-04",39819311.26,39818144.87,41284016,38240001,39360348.35,505518898604
"325","2021-02-05",40026847.02,40459477.91,40708447,39540593,39818144.87,404786300459
"326","2021-02-06",42345575.59,41733148.33,43622700,40426659,40459477.91,595338141020
"327","2021-02-07",41731695.4,42047074.61,42658486,40630694,41733148.33,430120655468
"328","2021-02-08",44793843.86,49100539.6,49347238,41600700,42047074.61,669013079761
"329","2021-02-09",49453101.86,48700481.07,50971831,48379575,49100539.6,663346105296
"330","2021-02-10",48679651.14,48580804.92,49589639,47379701,48700481.07,478014702334
"331","2021-02-11",49893922.46,51485657.59,51811141,48088704,48580804.92,536287320208
"332","2021-02-12",51346535.48,50896348.04,52238924,50233233,51485657.59,473026877307
"333","2021-02-13",50867347.18,50597833.76,51743697,50231419,50896348.04,464707297577
"334","2021-02-14",52043253,52656962.65,53046050,50323571,50597833.76,496296950989
"335","2021-02-15",51955296.84,52494627.44,53023757,50687081,52656962.65,480530384017
"336","2021-02-16",53769551.71,54714997.63,55186319,51775225,52494627.44,548275751836
"337","2021-02-17",56311423.57,57491476.9,58022859,54449846,54714997.63,572276667436
"338","2021-02-18",57593378.23,57796203.77,58202365,56420473,57491476.9,434120455207
"339","2021-02-19",59550220.57,63458579.55,63490640,57066614,57796203.77,580530684721
"340","2021-02-20",64302038.79,64231812.75,65588197,62534238,63458579.55,706780360530
"341","2021-02-21",64854377.57,65416083.59,65810598,63400745,64231812.75,540609877821
"342","2021-02-22",61761240.2,61712720.28,65468025,54948740,65416083.59,962259268233
"343","2021-02-23",55014067.49,55077842,61747125,50250085,61712720.28,1029081593514
"344","2021-02-24",56041093.93,56490652.12,58046054,52948477,55077842,682811973807
"345","2021-02-25",56625889.06,53819748.23,58715825,53742929,56490652.12,895697554238
"346","2021-02-26",53584159.73,53664254.42,55200480,51581043,53819748.23,1025043541967
"347","2021-02-27",54096517.72,53401437.57,55268459,52468589,53664254.42,975967177379
"348","2021-02-28",51726156.75,51778606.65,53955305,49541638,53401437.57,765917479198
"349","2021-03-01",53812422.88,56391239.99,56739749,51573722,51778606.65,825961497619
"350","2021-03-02",55559722.21,55973299.11,57270247,54297401,56391239.99,903109394535
"351","2021-03-03",57072979.3,57908153.53,59399798,55664971,55973299.11,748161695385
"352","2021-03-04",56947298.55,56362660.37,58983724,55384258,57908153.53,684327714048
"353","2021-03-05",55628249.02,56476408.08,57059550,54398810,56362660.37,892496845883
"354","2021-03-06",55776165.64,56099021.66,56817935,54638981,56476408.08,489853617005
"355","2021-03-07",57251114.91,58045617.7,58585688,56099022,56099021.66,544716877854
"356","2021-03-08",58099426.01,59685884.61,59751542,56955681,58045617.7,921333144670
"357","2021-03-09",61499692.43,62911180.46,62935274,59279845,59685884.61,687610226156
"358","2021-03-10",63422412.82,64294142.52,65343991,60912116,62911180.46,658062076247
"359","2021-03-11",64594833.92,66075765.58,66479878,62801417,64294142.52,610737049291
"360","2021-03-12",65648279.49,66469180.5,66793661,64498879,66075765.58,549415702940
"361","2021-03-13",67998661.04,70613486.63,70825397,65389003,66469180.5,544787592624
"362","2021-03-14",69858981.22,68623792.02,71168369,68622784,70613486.63,438264510251
"363","2021-03-15",66297171.92,64449466.87,69915381,63460064,68623792.02,712939234732
"364","2021-03-16",63988053.14,65984442.42,65989576,61838204,64449466.87,622439307723
"365","2021-03-17",65227048.38,68359487.14,68526192,62490435,65984442.42,634202591363
"366","2021-03-18",67993627.07,66997706.17,69899655,66701243,68359487.14,528653170226
